253 1 255
21 255 0
255 99 0
3 149 248
0 255 255
255 87 19
205 255 0
255 236 205
255 64 180
0 167 92
255 225 15
85 141 255
206 119 135
167 144 0
104 153 165
143 255 155
254 174 255
255 79 117
255 171 100
93 170 0
188 214 255
217 107 255
255 247 133
144 160 112
16 255 129
128 255 231
1 197 255
255 176 0
1 168 145
216 118 76
181 131 149
165 118 255
255 252 253
135 140 201
129 255 0
208 111 184
2 169 0
211 255 173
2 253 195
206 255 92
183 144 101
255 83 92
136 153 60
255 186 214
220 118 0
173 227 209
255 109 245
8 222 255
187 198 50
255 229 143
145 255 102
201 187 193
155 131 217
255 80 158
255 168 140
133 184 97
255 254 1
0 209 1
254 48 216
255 193 80
255 132 135
1 154 220
0 162 166
135 214 1
97 178 134
205 171 86
203 226 167
249 203 255
149 181 255
18 211 117
154 232 255
230 101 146
121 213 95
191 134 0
138 148 146
255 202 146
191 115 213
142 235 164
0 255 95
255 252 88
173 131 177
221 180 157
255 149 204
2 208 167
209 252 136
255 128 62
209 182 0
255 84 79
120 157 19
255 139 0
184 163 255
190 133 67
246 141 255
156 171 202
199 192 136
0 205 203
1 173 211
201 135 119
1 255 171
2 204 77
110 155 128
178 200 104
169 255 207
224 93 204
159 202 0
239 62 242
255 120 92
255 255 186
155 146 77
94 161 57
159 203 212
255 224 239
220 255 217
190 170 229
180 177 154
0 168 63
88 150 199
255 162 60
217 255 255
110 195 184
254 117 191
201 119 162
205 145 218
102 208 53
255 153 178
108 158 91
211 127 46
210 218 206
255 174 168
182 181 66
166 255 57
232 211 75
199 142 255
150 140 170
151 207 145
0 255 229
25 165 105
115 244 254
217 239 42
146 195 76
104 254 71
230 106 104
160 223 128
255 212 0
0 171 255
145 135 247
102 202 255
170 242 106
1 207 145
97 201 217
158 143 115
110 245 123
209 185 213
215 233 94
107 201 115
126 153 247
117 181 212
229 159 114
161 196 169
255 112 151
206 122 106
255 217 211
255 144 233
224 235 144
202 104 232
204 203 0
140 212 176
112 255 193
89 147 221
157 177 107
206 198 113
221 174 182
237 105 48
255 150 105
215 225 255
252 214 115
160 166 0
248 223 167
221 164 8
240 169 225
106 221 1
142 184 239
134 175 168
210 166 54
250 187 106
255 101 209
254 201 56
215 157 191
2 213 74
209 210 171
206 169 114
222 181 255
68 176 54
91 217 180
0 250 25
157 255 245
186 255 0
71 255 156
165 144 36
99 255 107
